Initial Heap after insertion
Tree 1: (100,-100)
Tree 2: (1,1)
Tree 3: (2,-2)
Tree 4: (3,3)
Tree 5: (4,-4)
Tree 6: (5,5)
Tree 7: (6,-6)
Tree 8: (7,7)
Tree 9: (8,-8)
Tree 10: (9,9)
Tree 11: (10,-10)
Tree 12: (11,11)
Tree 13: (12,-12)
Tree 14: (13,13)
Tree 15: (14,-14)
Tree 16: (15,15)
Tree 17: (16,-16)
Tree 18: (17,17)
Tree 19: (18,-18)
Tree 20: (19,19)
Tree 21: (20,-20)
Tree 22: (21,21)
Tree 23: (22,-22)
Tree 24: (23,23)
Tree 25: (24,-24)
Tree 26: (25,25)
Tree 27: (26,-26)
Tree 28: (27,27)
Tree 29: (28,-28)
Tree 30: (29,29)
Tree 31: (30,-30)
Tree 32: (31,31)
Tree 33: (32,-32)
Tree 34: (33,33)
Tree 35: (34,-34)
Tree 36: (35,35)
Tree 37: (36,-36)
Tree 38: (37,37)
Tree 39: (38,-38)
Tree 40: (39,39)
Tree 41: (40,-40)
Tree 42: (41,41)
Tree 43: (42,-42)
Tree 44: (43,43)
Tree 45: (44,-44)
Tree 46: (45,45)
Tree 47: (46,-46)
Tree 48: (47,47)
Tree 49: (48,-48)
Tree 50: (49,49)
Tree 51: (50,-50)
Tree 52: (51,51)
Tree 53: (52,-52)
Tree 54: (53,53)
Tree 55: (54,-54)
Tree 56: (55,55)
Tree 57: (56,-56)
Tree 58: (57,57)
Tree 59: (58,-58)
Tree 60: (59,59)
Tree 61: (60,-60)
Tree 62: (61,61)
Tree 63: (62,-62)
Tree 64: (63,63)
Tree 65: (64,-64)
Tree 66: (65,65)
Tree 67: (66,-66)
Tree 68: (67,67)
Tree 69: (68,-68)
Tree 70: (69,69)
Tree 71: (70,-70)
Tree 72: (71,71)
Tree 73: (72,-72)
Tree 74: (73,73)
Tree 75: (74,-74)
Tree 76: (75,75)
Tree 77: (76,-76)
Tree 78: (77,77)
Tree 79: (78,-78)
Tree 80: (79,79)
Tree 81: (80,-80)
Tree 82: (81,81)
Tree 83: (82,-82)
Tree 84: (83,83)
Tree 85: (84,-84)
Tree 86: (85,85)
Tree 87: (86,-86)
Tree 88: (87,87)
Tree 89: (88,-88)
Tree 90: (89,89)
Tree 91: (90,-90)
Tree 92: (91,91)
Tree 93: (92,-92)
Tree 94: (93,93)
Tree 95: (94,-94)
Tree 96: (95,95)
Tree 97: (96,-96)
Tree 98: (97,97)
Tree 99: (98,-98)
Tree 100: (99,99)
Extracting max for 10 times
Extracting max...#1--->
Tree 1: (99,99)
Tree 2: (98,-98)->(97,97)
Tree 3: (96,-96)->(95,95),(94,-94),(92,-92),(88,-88),(80,-80)
        (94,-94)->(93,93)
        (92,-92)->(91,91),(90,-90)
                (90,-90)->(89,89)
        (88,-88)->(87,87),(86,-86),(84,-84)
                (86,-86)->(85,85)
                (84,-84)->(83,83),(82,-82)
                        (82,-82)->(81,81)
        (80,-80)->(79,79),(78,-78),(76,-76),(72,-72)
                (78,-78)->(77,77)
                (76,-76)->(75,75),(74,-74)
                        (74,-74)->(73,73)
                (72,-72)->(71,71),(70,-70),(68,-68)
                        (70,-70)->(69,69)
                        (68,-68)->(67,67),(66,-66)
                                (66,-66)->(65,65)
Tree 4: (64,-64)->(63,63),(62,-62),(60,-60),(56,-56),(48,-48),(32,-32)
        (62,-62)->(61,61)
        (60,-60)->(59,59),(58,-58)
                (58,-58)->(57,57)
        (56,-56)->(55,55),(54,-54),(52,-52)
                (54,-54)->(53,53)
                (52,-52)->(51,51),(50,-50)
                        (50,-50)->(49,49)
        (48,-48)->(47,47),(46,-46),(44,-44),(40,-40)
                (46,-46)->(45,45)
                (44,-44)->(43,43),(42,-42)
                        (42,-42)->(41,41)
                (40,-40)->(39,39),(38,-38),(36,-36)
                        (38,-38)->(37,37)
                        (36,-36)->(35,35),(34,-34)
                                (34,-34)->(33,33)
        (32,-32)->(31,31),(30,-30),(28,-28),(24,-24),(16,-16)
                (30,-30)->(29,29)
                (28,-28)->(27,27),(26,-26)
                        (26,-26)->(25,25)
                (24,-24)->(23,23),(22,-22),(20,-20)
                        (22,-22)->(21,21)
                        (20,-20)->(19,19),(18,-18)
                                (18,-18)->(17,17)
                (16,-16)->(15,15),(14,-14),(12,-12),(8,-8)
                        (14,-14)->(13,13)
                        (12,-12)->(11,11),(10,-10)
                                (10,-10)->(9,9)
                        (8,-8)->(7,7),(6,-6),(4,-4)
                                (6,-6)->(5,5)
                                (4,-4)->(3,3),(2,-2)
                                        (2,-2)->(1,1)
Extracting max...#2--->
Tree 1: (98,-98)->(97,97)
Tree 2: (96,-96)->(95,95),(94,-94),(92,-92),(88,-88),(80,-80)
        (94,-94)->(93,93)
        (92,-92)->(91,91),(90,-90)
                (90,-90)->(89,89)
        (88,-88)->(87,87),(86,-86),(84,-84)
                (86,-86)->(85,85)
                (84,-84)->(83,83),(82,-82)
                        (82,-82)->(81,81)
        (80,-80)->(79,79),(78,-78),(76,-76),(72,-72)
                (78,-78)->(77,77)
                (76,-76)->(75,75),(74,-74)
                        (74,-74)->(73,73)
                (72,-72)->(71,71),(70,-70),(68,-68)
                        (70,-70)->(69,69)
                        (68,-68)->(67,67),(66,-66)
                                (66,-66)->(65,65)
Tree 3: (64,-64)->(63,63),(62,-62),(60,-60),(56,-56),(48,-48),(32,-32)
        (62,-62)->(61,61)
        (60,-60)->(59,59),(58,-58)
                (58,-58)->(57,57)
        (56,-56)->(55,55),(54,-54),(52,-52)
                (54,-54)->(53,53)
                (52,-52)->(51,51),(50,-50)
                        (50,-50)->(49,49)
        (48,-48)->(47,47),(46,-46),(44,-44),(40,-40)
                (46,-46)->(45,45)
                (44,-44)->(43,43),(42,-42)
                        (42,-42)->(41,41)
                (40,-40)->(39,39),(38,-38),(36,-36)
                        (38,-38)->(37,37)
                        (36,-36)->(35,35),(34,-34)
                                (34,-34)->(33,33)
        (32,-32)->(31,31),(30,-30),(28,-28),(24,-24),(16,-16)
                (30,-30)->(29,29)
                (28,-28)->(27,27),(26,-26)
                        (26,-26)->(25,25)
                (24,-24)->(23,23),(22,-22),(20,-20)
                        (22,-22)->(21,21)
                        (20,-20)->(19,19),(18,-18)
                                (18,-18)->(17,17)
                (16,-16)->(15,15),(14,-14),(12,-12),(8,-8)
                        (14,-14)->(13,13)
                        (12,-12)->(11,11),(10,-10)
                                (10,-10)->(9,9)
                        (8,-8)->(7,7),(6,-6),(4,-4)
                                (6,-6)->(5,5)
                                (4,-4)->(3,3),(2,-2)
                                        (2,-2)->(1,1)
Extracting max...#3--->
Tree 1: (97,97)
Tree 2: (96,-96)->(95,95),(94,-94),(92,-92),(88,-88),(80,-80)
        (94,-94)->(93,93)
        (92,-92)->(91,91),(90,-90)
                (90,-90)->(89,89)
        (88,-88)->(87,87),(86,-86),(84,-84)
                (86,-86)->(85,85)
                (84,-84)->(83,83),(82,-82)
                        (82,-82)->(81,81)
        (80,-80)->(79,79),(78,-78),(76,-76),(72,-72)
                (78,-78)->(77,77)
                (76,-76)->(75,75),(74,-74)
                        (74,-74)->(73,73)
                (72,-72)->(71,71),(70,-70),(68,-68)
                        (70,-70)->(69,69)
                        (68,-68)->(67,67),(66,-66)
                                (66,-66)->(65,65)
Tree 3: (64,-64)->(63,63),(62,-62),(60,-60),(56,-56),(48,-48),(32,-32)
        (62,-62)->(61,61)
        (60,-60)->(59,59),(58,-58)
                (58,-58)->(57,57)
        (56,-56)->(55,55),(54,-54),(52,-52)
                (54,-54)->(53,53)
                (52,-52)->(51,51),(50,-50)
                        (50,-50)->(49,49)
        (48,-48)->(47,47),(46,-46),(44,-44),(40,-40)
                (46,-46)->(45,45)
                (44,-44)->(43,43),(42,-42)
                        (42,-42)->(41,41)
                (40,-40)->(39,39),(38,-38),(36,-36)
                        (38,-38)->(37,37)
                        (36,-36)->(35,35),(34,-34)
                                (34,-34)->(33,33)
        (32,-32)->(31,31),(30,-30),(28,-28),(24,-24),(16,-16)
                (30,-30)->(29,29)
                (28,-28)->(27,27),(26,-26)
                        (26,-26)->(25,25)
                (24,-24)->(23,23),(22,-22),(20,-20)
                        (22,-22)->(21,21)
                        (20,-20)->(19,19),(18,-18)
                                (18,-18)->(17,17)
                (16,-16)->(15,15),(14,-14),(12,-12),(8,-8)
                        (14,-14)->(13,13)
                        (12,-12)->(11,11),(10,-10)
                                (10,-10)->(9,9)
                        (8,-8)->(7,7),(6,-6),(4,-4)
                                (6,-6)->(5,5)
                                (4,-4)->(3,3),(2,-2)
                                        (2,-2)->(1,1)
Extracting max...#4--->
Tree 1: (96,-96)->(95,95),(94,-94),(92,-92),(88,-88),(80,-80)
        (94,-94)->(93,93)
        (92,-92)->(91,91),(90,-90)
                (90,-90)->(89,89)
        (88,-88)->(87,87),(86,-86),(84,-84)
                (86,-86)->(85,85)
                (84,-84)->(83,83),(82,-82)
                        (82,-82)->(81,81)
        (80,-80)->(79,79),(78,-78),(76,-76),(72,-72)
                (78,-78)->(77,77)
                (76,-76)->(75,75),(74,-74)
                        (74,-74)->(73,73)
                (72,-72)->(71,71),(70,-70),(68,-68)
                        (70,-70)->(69,69)
                        (68,-68)->(67,67),(66,-66)
                                (66,-66)->(65,65)
Tree 2: (64,-64)->(63,63),(62,-62),(60,-60),(56,-56),(48,-48),(32,-32)
        (62,-62)->(61,61)
        (60,-60)->(59,59),(58,-58)
                (58,-58)->(57,57)
        (56,-56)->(55,55),(54,-54),(52,-52)
                (54,-54)->(53,53)
                (52,-52)->(51,51),(50,-50)
                        (50,-50)->(49,49)
        (48,-48)->(47,47),(46,-46),(44,-44),(40,-40)
                (46,-46)->(45,45)
                (44,-44)->(43,43),(42,-42)
                        (42,-42)->(41,41)
                (40,-40)->(39,39),(38,-38),(36,-36)
                        (38,-38)->(37,37)
                        (36,-36)->(35,35),(34,-34)
                                (34,-34)->(33,33)
        (32,-32)->(31,31),(30,-30),(28,-28),(24,-24),(16,-16)
                (30,-30)->(29,29)
                (28,-28)->(27,27),(26,-26)
                        (26,-26)->(25,25)
                (24,-24)->(23,23),(22,-22),(20,-20)
                        (22,-22)->(21,21)
                        (20,-20)->(19,19),(18,-18)
                                (18,-18)->(17,17)
                (16,-16)->(15,15),(14,-14),(12,-12),(8,-8)
                        (14,-14)->(13,13)
                        (12,-12)->(11,11),(10,-10)
                                (10,-10)->(9,9)
                        (8,-8)->(7,7),(6,-6),(4,-4)
                                (6,-6)->(5,5)
                                (4,-4)->(3,3),(2,-2)
                                        (2,-2)->(1,1)
Extracting max...#5--->
Tree 1: (95,95)
Tree 2: (94,-94)->(93,93)
Tree 3: (92,-92)->(91,91),(90,-90)
        (90,-90)->(89,89)
Tree 4: (88,-88)->(87,87),(86,-86),(84,-84)
        (86,-86)->(85,85)
        (84,-84)->(83,83),(82,-82)
                (82,-82)->(81,81)
Tree 5: (80,-80)->(79,79),(78,-78),(76,-76),(72,-72)
        (78,-78)->(77,77)
        (76,-76)->(75,75),(74,-74)
                (74,-74)->(73,73)
        (72,-72)->(71,71),(70,-70),(68,-68)
                (70,-70)->(69,69)
                (68,-68)->(67,67),(66,-66)
                        (66,-66)->(65,65)
Tree 6: (64,-64)->(63,63),(62,-62),(60,-60),(56,-56),(48,-48),(32,-32)
        (62,-62)->(61,61)
        (60,-60)->(59,59),(58,-58)
                (58,-58)->(57,57)
        (56,-56)->(55,55),(54,-54),(52,-52)
                (54,-54)->(53,53)
                (52,-52)->(51,51),(50,-50)
                        (50,-50)->(49,49)
        (48,-48)->(47,47),(46,-46),(44,-44),(40,-40)
                (46,-46)->(45,45)
                (44,-44)->(43,43),(42,-42)
                        (42,-42)->(41,41)
                (40,-40)->(39,39),(38,-38),(36,-36)
                        (38,-38)->(37,37)
                        (36,-36)->(35,35),(34,-34)
                                (34,-34)->(33,33)
        (32,-32)->(31,31),(30,-30),(28,-28),(24,-24),(16,-16)
                (30,-30)->(29,29)
                (28,-28)->(27,27),(26,-26)
                        (26,-26)->(25,25)
                (24,-24)->(23,23),(22,-22),(20,-20)
                        (22,-22)->(21,21)
                        (20,-20)->(19,19),(18,-18)
                                (18,-18)->(17,17)
                (16,-16)->(15,15),(14,-14),(12,-12),(8,-8)
                        (14,-14)->(13,13)
                        (12,-12)->(11,11),(10,-10)
                                (10,-10)->(9,9)
                        (8,-8)->(7,7),(6,-6),(4,-4)
                                (6,-6)->(5,5)
                                (4,-4)->(3,3),(2,-2)
                                        (2,-2)->(1,1)
Extracting max...#6--->
Tree 1: (94,-94)->(93,93)
Tree 2: (92,-92)->(91,91),(90,-90)
        (90,-90)->(89,89)
Tree 3: (88,-88)->(87,87),(86,-86),(84,-84)
        (86,-86)->(85,85)
        (84,-84)->(83,83),(82,-82)
                (82,-82)->(81,81)
Tree 4: (80,-80)->(79,79),(78,-78),(76,-76),(72,-72)
        (78,-78)->(77,77)
        (76,-76)->(75,75),(74,-74)
                (74,-74)->(73,73)
        (72,-72)->(71,71),(70,-70),(68,-68)
                (70,-70)->(69,69)
                (68,-68)->(67,67),(66,-66)
                        (66,-66)->(65,65)
Tree 5: (64,-64)->(63,63),(62,-62),(60,-60),(56,-56),(48,-48),(32,-32)
        (62,-62)->(61,61)
        (60,-60)->(59,59),(58,-58)
                (58,-58)->(57,57)
        (56,-56)->(55,55),(54,-54),(52,-52)
                (54,-54)->(53,53)
                (52,-52)->(51,51),(50,-50)
                        (50,-50)->(49,49)
        (48,-48)->(47,47),(46,-46),(44,-44),(40,-40)
                (46,-46)->(45,45)
                (44,-44)->(43,43),(42,-42)
                        (42,-42)->(41,41)
                (40,-40)->(39,39),(38,-38),(36,-36)
                        (38,-38)->(37,37)
                        (36,-36)->(35,35),(34,-34)
                                (34,-34)->(33,33)
        (32,-32)->(31,31),(30,-30),(28,-28),(24,-24),(16,-16)
                (30,-30)->(29,29)
                (28,-28)->(27,27),(26,-26)
                        (26,-26)->(25,25)
                (24,-24)->(23,23),(22,-22),(20,-20)
                        (22,-22)->(21,21)
                        (20,-20)->(19,19),(18,-18)
                                (18,-18)->(17,17)
                (16,-16)->(15,15),(14,-14),(12,-12),(8,-8)
                        (14,-14)->(13,13)
                        (12,-12)->(11,11),(10,-10)
                                (10,-10)->(9,9)
                        (8,-8)->(7,7),(6,-6),(4,-4)
                                (6,-6)->(5,5)
                                (4,-4)->(3,3),(2,-2)
                                        (2,-2)->(1,1)
Extracting max...#7--->
Tree 1: (93,93)
Tree 2: (92,-92)->(91,91),(90,-90)
        (90,-90)->(89,89)
Tree 3: (88,-88)->(87,87),(86,-86),(84,-84)
        (86,-86)->(85,85)
        (84,-84)->(83,83),(82,-82)
                (82,-82)->(81,81)
Tree 4: (80,-80)->(79,79),(78,-78),(76,-76),(72,-72)
        (78,-78)->(77,77)
        (76,-76)->(75,75),(74,-74)
                (74,-74)->(73,73)
        (72,-72)->(71,71),(70,-70),(68,-68)
                (70,-70)->(69,69)
                (68,-68)->(67,67),(66,-66)
                        (66,-66)->(65,65)
Tree 5: (64,-64)->(63,63),(62,-62),(60,-60),(56,-56),(48,-48),(32,-32)
        (62,-62)->(61,61)
        (60,-60)->(59,59),(58,-58)
                (58,-58)->(57,57)
        (56,-56)->(55,55),(54,-54),(52,-52)
                (54,-54)->(53,53)
                (52,-52)->(51,51),(50,-50)
                        (50,-50)->(49,49)
        (48,-48)->(47,47),(46,-46),(44,-44),(40,-40)
                (46,-46)->(45,45)
                (44,-44)->(43,43),(42,-42)
                        (42,-42)->(41,41)
                (40,-40)->(39,39),(38,-38),(36,-36)
                        (38,-38)->(37,37)
                        (36,-36)->(35,35),(34,-34)
                                (34,-34)->(33,33)
        (32,-32)->(31,31),(30,-30),(28,-28),(24,-24),(16,-16)
                (30,-30)->(29,29)
                (28,-28)->(27,27),(26,-26)
                        (26,-26)->(25,25)
                (24,-24)->(23,23),(22,-22),(20,-20)
                        (22,-22)->(21,21)
                        (20,-20)->(19,19),(18,-18)
                                (18,-18)->(17,17)
                (16,-16)->(15,15),(14,-14),(12,-12),(8,-8)
                        (14,-14)->(13,13)
                        (12,-12)->(11,11),(10,-10)
                                (10,-10)->(9,9)
                        (8,-8)->(7,7),(6,-6),(4,-4)
                                (6,-6)->(5,5)
                                (4,-4)->(3,3),(2,-2)
                                        (2,-2)->(1,1)
Extracting max...#8--->
Tree 1: (92,-92)->(91,91),(90,-90)
        (90,-90)->(89,89)
Tree 2: (88,-88)->(87,87),(86,-86),(84,-84)
        (86,-86)->(85,85)
        (84,-84)->(83,83),(82,-82)
                (82,-82)->(81,81)
Tree 3: (80,-80)->(79,79),(78,-78),(76,-76),(72,-72)
        (78,-78)->(77,77)
        (76,-76)->(75,75),(74,-74)
                (74,-74)->(73,73)
        (72,-72)->(71,71),(70,-70),(68,-68)
                (70,-70)->(69,69)
                (68,-68)->(67,67),(66,-66)
                        (66,-66)->(65,65)
Tree 4: (64,-64)->(63,63),(62,-62),(60,-60),(56,-56),(48,-48),(32,-32)
        (62,-62)->(61,61)
        (60,-60)->(59,59),(58,-58)
                (58,-58)->(57,57)
        (56,-56)->(55,55),(54,-54),(52,-52)
                (54,-54)->(53,53)
                (52,-52)->(51,51),(50,-50)
                        (50,-50)->(49,49)
        (48,-48)->(47,47),(46,-46),(44,-44),(40,-40)
                (46,-46)->(45,45)
                (44,-44)->(43,43),(42,-42)
                        (42,-42)->(41,41)
                (40,-40)->(39,39),(38,-38),(36,-36)
                        (38,-38)->(37,37)
                        (36,-36)->(35,35),(34,-34)
                                (34,-34)->(33,33)
        (32,-32)->(31,31),(30,-30),(28,-28),(24,-24),(16,-16)
                (30,-30)->(29,29)
                (28,-28)->(27,27),(26,-26)
                        (26,-26)->(25,25)
                (24,-24)->(23,23),(22,-22),(20,-20)
                        (22,-22)->(21,21)
                        (20,-20)->(19,19),(18,-18)
                                (18,-18)->(17,17)
                (16,-16)->(15,15),(14,-14),(12,-12),(8,-8)
                        (14,-14)->(13,13)
                        (12,-12)->(11,11),(10,-10)
                                (10,-10)->(9,9)
                        (8,-8)->(7,7),(6,-6),(4,-4)
                                (6,-6)->(5,5)
                                (4,-4)->(3,3),(2,-2)
                                        (2,-2)->(1,1)
Extracting max...#9--->
Tree 1: (91,91)
Tree 2: (90,-90)->(89,89)
Tree 3: (88,-88)->(87,87),(86,-86),(84,-84)
        (86,-86)->(85,85)
        (84,-84)->(83,83),(82,-82)
                (82,-82)->(81,81)
Tree 4: (80,-80)->(79,79),(78,-78),(76,-76),(72,-72)
        (78,-78)->(77,77)
        (76,-76)->(75,75),(74,-74)
                (74,-74)->(73,73)
        (72,-72)->(71,71),(70,-70),(68,-68)
                (70,-70)->(69,69)
                (68,-68)->(67,67),(66,-66)
                        (66,-66)->(65,65)
Tree 5: (64,-64)->(63,63),(62,-62),(60,-60),(56,-56),(48,-48),(32,-32)
        (62,-62)->(61,61)
        (60,-60)->(59,59),(58,-58)
                (58,-58)->(57,57)
        (56,-56)->(55,55),(54,-54),(52,-52)
                (54,-54)->(53,53)
                (52,-52)->(51,51),(50,-50)
                        (50,-50)->(49,49)
        (48,-48)->(47,47),(46,-46),(44,-44),(40,-40)
                (46,-46)->(45,45)
                (44,-44)->(43,43),(42,-42)
                        (42,-42)->(41,41)
                (40,-40)->(39,39),(38,-38),(36,-36)
                        (38,-38)->(37,37)
                        (36,-36)->(35,35),(34,-34)
                                (34,-34)->(33,33)
        (32,-32)->(31,31),(30,-30),(28,-28),(24,-24),(16,-16)
                (30,-30)->(29,29)
                (28,-28)->(27,27),(26,-26)
                        (26,-26)->(25,25)
                (24,-24)->(23,23),(22,-22),(20,-20)
                        (22,-22)->(21,21)
                        (20,-20)->(19,19),(18,-18)
                                (18,-18)->(17,17)
                (16,-16)->(15,15),(14,-14),(12,-12),(8,-8)
                        (14,-14)->(13,13)
                        (12,-12)->(11,11),(10,-10)
                                (10,-10)->(9,9)
                        (8,-8)->(7,7),(6,-6),(4,-4)
                                (6,-6)->(5,5)
                                (4,-4)->(3,3),(2,-2)
                                        (2,-2)->(1,1)
Extracting max...#10--->
Tree 1: (90,-90)->(89,89)
Tree 2: (88,-88)->(87,87),(86,-86),(84,-84)
        (86,-86)->(85,85)
        (84,-84)->(83,83),(82,-82)
                (82,-82)->(81,81)
Tree 3: (80,-80)->(79,79),(78,-78),(76,-76),(72,-72)
        (78,-78)->(77,77)
        (76,-76)->(75,75),(74,-74)
                (74,-74)->(73,73)
        (72,-72)->(71,71),(70,-70),(68,-68)
                (70,-70)->(69,69)
                (68,-68)->(67,67),(66,-66)
                        (66,-66)->(65,65)
Tree 4: (64,-64)->(63,63),(62,-62),(60,-60),(56,-56),(48,-48),(32,-32)
        (62,-62)->(61,61)
        (60,-60)->(59,59),(58,-58)
                (58,-58)->(57,57)
        (56,-56)->(55,55),(54,-54),(52,-52)
                (54,-54)->(53,53)
                (52,-52)->(51,51),(50,-50)
                        (50,-50)->(49,49)
        (48,-48)->(47,47),(46,-46),(44,-44),(40,-40)
                (46,-46)->(45,45)
                (44,-44)->(43,43),(42,-42)
                        (42,-42)->(41,41)
                (40,-40)->(39,39),(38,-38),(36,-36)
                        (38,-38)->(37,37)
                        (36,-36)->(35,35),(34,-34)
                                (34,-34)->(33,33)
        (32,-32)->(31,31),(30,-30),(28,-28),(24,-24),(16,-16)
                (30,-30)->(29,29)
                (28,-28)->(27,27),(26,-26)
                        (26,-26)->(25,25)
                (24,-24)->(23,23),(22,-22),(20,-20)
                        (22,-22)->(21,21)
                        (20,-20)->(19,19),(18,-18)
                                (18,-18)->(17,17)
                (16,-16)->(15,15),(14,-14),(12,-12),(8,-8)
                        (14,-14)->(13,13)
                        (12,-12)->(11,11),(10,-10)
                                (10,-10)->(9,9)
                        (8,-8)->(7,7),(6,-6),(4,-4)
                                (6,-6)->(5,5)
                                (4,-4)->(3,3),(2,-2)
                                        (2,-2)->(1,1)
Increasing key of 10 to 100
Node not found
Tree 1: (90,-90)->(89,89)
Tree 2: (88,-88)->(87,87),(86,-86),(84,-84)
        (86,-86)->(85,85)
        (84,-84)->(83,83),(82,-82)
                (82,-82)->(81,81)
Tree 3: (80,-80)->(79,79),(78,-78),(76,-76),(72,-72)
        (78,-78)->(77,77)
        (76,-76)->(75,75),(74,-74)
                (74,-74)->(73,73)
        (72,-72)->(71,71),(70,-70),(68,-68)
                (70,-70)->(69,69)
                (68,-68)->(67,67),(66,-66)
                        (66,-66)->(65,65)
Tree 4: (64,-64)->(63,63),(62,-62),(60,-60),(56,-56),(48,-48),(32,-32)
        (62,-62)->(61,61)
        (60,-60)->(59,59),(58,-58)
                (58,-58)->(57,57)
        (56,-56)->(55,55),(54,-54),(52,-52)
                (54,-54)->(53,53)
                (52,-52)->(51,51),(50,-50)
                        (50,-50)->(49,49)
        (48,-48)->(47,47),(46,-46),(44,-44),(40,-40)
                (46,-46)->(45,45)
                (44,-44)->(43,43),(42,-42)
                        (42,-42)->(41,41)
                (40,-40)->(39,39),(38,-38),(36,-36)
                        (38,-38)->(37,37)
                        (36,-36)->(35,35),(34,-34)
                                (34,-34)->(33,33)
        (32,-32)->(31,31),(30,-30),(28,-28),(24,-24),(16,-16)
                (30,-30)->(29,29)
                (28,-28)->(27,27),(26,-26)
                        (26,-26)->(25,25)
                (24,-24)->(23,23),(22,-22),(20,-20)
                        (22,-22)->(21,21)
                        (20,-20)->(19,19),(18,-18)
                                (18,-18)->(17,17)
                (16,-16)->(15,15),(14,-14),(12,-12),(8,-8)
                        (14,-14)->(13,13)
                        (12,-12)->(11,11),(10,-10)
                                (10,-10)->(9,9)
                        (8,-8)->(7,7),(6,-6),(4,-4)
                                (6,-6)->(5,5)
                                (4,-4)->(3,3),(2,-2)
                                        (2,-2)->(1,1)
Increasing key of 20 to 200
Node not found
Tree 1: (90,-90)->(89,89)
Tree 2: (88,-88)->(87,87),(86,-86),(84,-84)
        (86,-86)->(85,85)
        (84,-84)->(83,83),(82,-82)
                (82,-82)->(81,81)
Tree 3: (80,-80)->(79,79),(78,-78),(76,-76),(72,-72)
        (78,-78)->(77,77)
        (76,-76)->(75,75),(74,-74)
                (74,-74)->(73,73)
        (72,-72)->(71,71),(70,-70),(68,-68)
                (70,-70)->(69,69)
                (68,-68)->(67,67),(66,-66)
                        (66,-66)->(65,65)
Tree 4: (64,-64)->(63,63),(62,-62),(60,-60),(56,-56),(48,-48),(32,-32)
        (62,-62)->(61,61)
        (60,-60)->(59,59),(58,-58)
                (58,-58)->(57,57)
        (56,-56)->(55,55),(54,-54),(52,-52)
                (54,-54)->(53,53)
                (52,-52)->(51,51),(50,-50)
                        (50,-50)->(49,49)
        (48,-48)->(47,47),(46,-46),(44,-44),(40,-40)
                (46,-46)->(45,45)
                (44,-44)->(43,43),(42,-42)
                        (42,-42)->(41,41)
                (40,-40)->(39,39),(38,-38),(36,-36)
                        (38,-38)->(37,37)
                        (36,-36)->(35,35),(34,-34)
                                (34,-34)->(33,33)
        (32,-32)->(31,31),(30,-30),(28,-28),(24,-24),(16,-16)
                (30,-30)->(29,29)
                (28,-28)->(27,27),(26,-26)
                        (26,-26)->(25,25)
                (24,-24)->(23,23),(22,-22),(20,-20)
                        (22,-22)->(21,21)
                        (20,-20)->(19,19),(18,-18)
                                (18,-18)->(17,17)
                (16,-16)->(15,15),(14,-14),(12,-12),(8,-8)
                        (14,-14)->(13,13)
                        (12,-12)->(11,11),(10,-10)
                                (10,-10)->(9,9)
                        (8,-8)->(7,7),(6,-6),(4,-4)
                                (6,-6)->(5,5)
                                (4,-4)->(3,3),(2,-2)
                                        (2,-2)->(1,1)
Deleting 10 elements
Deleting Node Containing value 5--->
Tree 1: (90,-90)->(89,89)
Tree 2: (88,-88)->(87,87),(86,-86),(84,-84)
        (86,-86)->(85,85)
        (84,-84)->(83,83),(82,-82)
                (82,-82)->(81,81)
Tree 3: (80,-80)->(79,79),(78,-78),(76,-76),(72,-72)
        (78,-78)->(77,77)
        (76,-76)->(75,75),(74,-74)
                (74,-74)->(73,73)
        (72,-72)->(71,71),(70,-70),(68,-68)
                (70,-70)->(69,69)
                (68,-68)->(67,67),(66,-66)
                        (66,-66)->(65,65)
Tree 4: (64,-64)->(63,63),(62,-62),(60,-60),(56,-56),(48,-48),(32,-32)
        (62,-62)->(61,61)
        (60,-60)->(59,59),(58,-58)
                (58,-58)->(57,57)
        (56,-56)->(55,55),(54,-54),(52,-52)
                (54,-54)->(53,53)
                (52,-52)->(51,51),(50,-50)
                        (50,-50)->(49,49)
        (48,-48)->(47,47),(46,-46),(44,-44),(40,-40)
                (46,-46)->(45,45)
                (44,-44)->(43,43),(42,-42)
                        (42,-42)->(41,41)
                (40,-40)->(39,39),(38,-38),(36,-36)
                        (38,-38)->(37,37)
                        (36,-36)->(35,35),(34,-34)
                                (34,-34)->(33,33)
        (32,-32)->(31,31),(30,-30),(28,-28),(24,-24),(16,-16)
                (30,-30)->(29,29)
                (28,-28)->(27,27),(26,-26)
                        (26,-26)->(25,25)
                (24,-24)->(23,23),(22,-22),(20,-20)
                        (22,-22)->(21,21)
                        (20,-20)->(19,19),(18,-18)
                                (18,-18)->(17,17)
                (16,-16)->(15,15),(14,-14),(12,-12),(8,-8)
                        (14,-14)->(13,13)
                        (12,-12)->(11,11),(10,-10)
                                (10,-10)->(9,9)
                        (8,-8)->(7,7),(6,-6),(4,-4)
                                (4,-4)->(3,3),(2,-2)
                                        (2,-2)->(1,1)
Deleting Node Containing value 6--->
Error: delete is not possible
Tree 1: (90,-90)->(89,89)
Tree 2: (88,-88)->(87,87),(86,-86),(84,-84)
        (86,-86)->(85,85)
        (84,-84)->(83,83),(82,-82)
                (82,-82)->(81,81)
Tree 3: (80,-80)->(79,79),(78,-78),(76,-76),(72,-72)
        (78,-78)->(77,77)
        (76,-76)->(75,75),(74,-74)
                (74,-74)->(73,73)
        (72,-72)->(71,71),(70,-70),(68,-68)
                (70,-70)->(69,69)
                (68,-68)->(67,67),(66,-66)
                        (66,-66)->(65,65)
Tree 4: (64,-64)->(63,63),(62,-62),(60,-60),(56,-56),(48,-48),(32,-32)
        (62,-62)->(61,61)
        (60,-60)->(59,59),(58,-58)
                (58,-58)->(57,57)
        (56,-56)->(55,55),(54,-54),(52,-52)
                (54,-54)->(53,53)
                (52,-52)->(51,51),(50,-50)
                        (50,-50)->(49,49)
        (48,-48)->(47,47),(46,-46),(44,-44),(40,-40)
                (46,-46)->(45,45)
                (44,-44)->(43,43),(42,-42)
                        (42,-42)->(41,41)
                (40,-40)->(39,39),(38,-38),(36,-36)
                        (38,-38)->(37,37)
                        (36,-36)->(35,35),(34,-34)
                                (34,-34)->(33,33)
        (32,-32)->(31,31),(30,-30),(28,-28),(24,-24),(16,-16)
                (30,-30)->(29,29)
                (28,-28)->(27,27),(26,-26)
                        (26,-26)->(25,25)
                (24,-24)->(23,23),(22,-22),(20,-20)
                        (22,-22)->(21,21)
                        (20,-20)->(19,19),(18,-18)
                                (18,-18)->(17,17)
                (16,-16)->(15,15),(14,-14),(12,-12),(8,-8)
                        (14,-14)->(13,13)
                        (12,-12)->(11,11),(10,-10)
                                (10,-10)->(9,9)
                        (8,-8)->(7,7),(6,-6),(4,-4)
                                (4,-4)->(3,3),(2,-2)
                                        (2,-2)->(1,1)
Deleting Node Containing value 7--->
Tree 1: (90,-90)->(89,89)
Tree 2: (88,-88)->(87,87),(86,-86),(84,-84)
        (86,-86)->(85,85)
        (84,-84)->(83,83),(82,-82)
                (82,-82)->(81,81)
Tree 3: (80,-80)->(79,79),(78,-78),(76,-76),(72,-72)
        (78,-78)->(77,77)
        (76,-76)->(75,75),(74,-74)
                (74,-74)->(73,73)
        (72,-72)->(71,71),(70,-70),(68,-68)
                (70,-70)->(69,69)
                (68,-68)->(67,67),(66,-66)
                        (66,-66)->(65,65)
Tree 4: (64,-64)->(63,63),(62,-62),(60,-60),(56,-56),(48,-48),(32,-32)
        (62,-62)->(61,61)
        (60,-60)->(59,59),(58,-58)
                (58,-58)->(57,57)
        (56,-56)->(55,55),(54,-54),(52,-52)
                (54,-54)->(53,53)
                (52,-52)->(51,51),(50,-50)
                        (50,-50)->(49,49)
        (48,-48)->(47,47),(46,-46),(44,-44),(40,-40)
                (46,-46)->(45,45)
                (44,-44)->(43,43),(42,-42)
                        (42,-42)->(41,41)
                (40,-40)->(39,39),(38,-38),(36,-36)
                        (38,-38)->(37,37)
                        (36,-36)->(35,35),(34,-34)
                                (34,-34)->(33,33)
        (32,-32)->(31,31),(30,-30),(28,-28),(24,-24),(16,-16)
                (30,-30)->(29,29)
                (28,-28)->(27,27),(26,-26)
                        (26,-26)->(25,25)
                (24,-24)->(23,23),(22,-22),(20,-20)
                        (22,-22)->(21,21)
                        (20,-20)->(19,19),(18,-18)
                                (18,-18)->(17,17)
                (16,-16)->(15,15),(14,-14),(12,-12),(8,-8)
                        (14,-14)->(13,13)
                        (12,-12)->(11,11),(10,-10)
                                (10,-10)->(9,9)
                        (8,-8)->(6,-6),(4,-4)
                                (4,-4)->(3,3),(2,-2)
                                        (2,-2)->(1,1)
Deleting Node Containing value 8--->
Error: delete is not possible
Tree 1: (90,-90)->(89,89)
Tree 2: (88,-88)->(87,87),(86,-86),(84,-84)
        (86,-86)->(85,85)
        (84,-84)->(83,83),(82,-82)
                (82,-82)->(81,81)
Tree 3: (80,-80)->(79,79),(78,-78),(76,-76),(72,-72)
        (78,-78)->(77,77)
        (76,-76)->(75,75),(74,-74)
                (74,-74)->(73,73)
        (72,-72)->(71,71),(70,-70),(68,-68)
                (70,-70)->(69,69)
                (68,-68)->(67,67),(66,-66)
                        (66,-66)->(65,65)
Tree 4: (64,-64)->(63,63),(62,-62),(60,-60),(56,-56),(48,-48),(32,-32)
        (62,-62)->(61,61)
        (60,-60)->(59,59),(58,-58)
                (58,-58)->(57,57)
        (56,-56)->(55,55),(54,-54),(52,-52)
                (54,-54)->(53,53)
                (52,-52)->(51,51),(50,-50)
                        (50,-50)->(49,49)
        (48,-48)->(47,47),(46,-46),(44,-44),(40,-40)
                (46,-46)->(45,45)
                (44,-44)->(43,43),(42,-42)
                        (42,-42)->(41,41)
                (40,-40)->(39,39),(38,-38),(36,-36)
                        (38,-38)->(37,37)
                        (36,-36)->(35,35),(34,-34)
                                (34,-34)->(33,33)
        (32,-32)->(31,31),(30,-30),(28,-28),(24,-24),(16,-16)
                (30,-30)->(29,29)
                (28,-28)->(27,27),(26,-26)
                        (26,-26)->(25,25)
                (24,-24)->(23,23),(22,-22),(20,-20)
                        (22,-22)->(21,21)
                        (20,-20)->(19,19),(18,-18)
                                (18,-18)->(17,17)
                (16,-16)->(15,15),(14,-14),(12,-12),(8,-8)
                        (14,-14)->(13,13)
                        (12,-12)->(11,11),(10,-10)
                                (10,-10)->(9,9)
                        (8,-8)->(6,-6),(4,-4)
                                (4,-4)->(3,3),(2,-2)
                                        (2,-2)->(1,1)
Deleting Node Containing value 9--->
Tree 1: (90,-90)->(89,89)
Tree 2: (88,-88)->(87,87),(86,-86),(84,-84)
        (86,-86)->(85,85)
        (84,-84)->(83,83),(82,-82)
                (82,-82)->(81,81)
Tree 3: (80,-80)->(79,79),(78,-78),(76,-76),(72,-72)
        (78,-78)->(77,77)
        (76,-76)->(75,75),(74,-74)
                (74,-74)->(73,73)
        (72,-72)->(71,71),(70,-70),(68,-68)
                (70,-70)->(69,69)
                (68,-68)->(67,67),(66,-66)
                        (66,-66)->(65,65)
Tree 4: (64,-64)->(63,63),(62,-62),(60,-60),(56,-56),(48,-48),(32,-32)
        (62,-62)->(61,61)
        (60,-60)->(59,59),(58,-58)
                (58,-58)->(57,57)
        (56,-56)->(55,55),(54,-54),(52,-52)
                (54,-54)->(53,53)
                (52,-52)->(51,51),(50,-50)
                        (50,-50)->(49,49)
        (48,-48)->(47,47),(46,-46),(44,-44),(40,-40)
                (46,-46)->(45,45)
                (44,-44)->(43,43),(42,-42)
                        (42,-42)->(41,41)
                (40,-40)->(39,39),(38,-38),(36,-36)
                        (38,-38)->(37,37)
                        (36,-36)->(35,35),(34,-34)
                                (34,-34)->(33,33)
        (32,-32)->(31,31),(30,-30),(28,-28),(24,-24),(16,-16)
                (30,-30)->(29,29)
                (28,-28)->(27,27),(26,-26)
                        (26,-26)->(25,25)
                (24,-24)->(23,23),(22,-22),(20,-20)
                        (22,-22)->(21,21)
                        (20,-20)->(19,19),(18,-18)
                                (18,-18)->(17,17)
                (16,-16)->(15,15),(14,-14),(12,-12),(8,-8)
                        (14,-14)->(13,13)
                        (12,-12)->(11,11),(10,-10)
                        (8,-8)->(6,-6),(4,-4)
                                (4,-4)->(3,3),(2,-2)
                                        (2,-2)->(1,1)
Deleting Node Containing value 10--->
Error: delete is not possible
Tree 1: (90,-90)->(89,89)
Tree 2: (88,-88)->(87,87),(86,-86),(84,-84)
        (86,-86)->(85,85)
        (84,-84)->(83,83),(82,-82)
                (82,-82)->(81,81)
Tree 3: (80,-80)->(79,79),(78,-78),(76,-76),(72,-72)
        (78,-78)->(77,77)
        (76,-76)->(75,75),(74,-74)
                (74,-74)->(73,73)
        (72,-72)->(71,71),(70,-70),(68,-68)
                (70,-70)->(69,69)
                (68,-68)->(67,67),(66,-66)
                        (66,-66)->(65,65)
Tree 4: (64,-64)->(63,63),(62,-62),(60,-60),(56,-56),(48,-48),(32,-32)
        (62,-62)->(61,61)
        (60,-60)->(59,59),(58,-58)
                (58,-58)->(57,57)
        (56,-56)->(55,55),(54,-54),(52,-52)
                (54,-54)->(53,53)
                (52,-52)->(51,51),(50,-50)
                        (50,-50)->(49,49)
        (48,-48)->(47,47),(46,-46),(44,-44),(40,-40)
                (46,-46)->(45,45)
                (44,-44)->(43,43),(42,-42)
                        (42,-42)->(41,41)
                (40,-40)->(39,39),(38,-38),(36,-36)
                        (38,-38)->(37,37)
                        (36,-36)->(35,35),(34,-34)
                                (34,-34)->(33,33)
        (32,-32)->(31,31),(30,-30),(28,-28),(24,-24),(16,-16)
                (30,-30)->(29,29)
                (28,-28)->(27,27),(26,-26)
                        (26,-26)->(25,25)
                (24,-24)->(23,23),(22,-22),(20,-20)
                        (22,-22)->(21,21)
                        (20,-20)->(19,19),(18,-18)
                                (18,-18)->(17,17)
                (16,-16)->(15,15),(14,-14),(12,-12),(8,-8)
                        (14,-14)->(13,13)
                        (12,-12)->(11,11),(10,-10)
                        (8,-8)->(6,-6),(4,-4)
                                (4,-4)->(3,3),(2,-2)
                                        (2,-2)->(1,1)
Deleting Node Containing value 11--->
Tree 1: (90,-90)->(89,89)
Tree 2: (88,-88)->(87,87),(86,-86),(84,-84)
        (86,-86)->(85,85)
        (84,-84)->(83,83),(82,-82)
                (82,-82)->(81,81)
Tree 3: (80,-80)->(79,79),(78,-78),(76,-76),(72,-72)
        (78,-78)->(77,77)
        (76,-76)->(75,75),(74,-74)
                (74,-74)->(73,73)
        (72,-72)->(71,71),(70,-70),(68,-68)
                (70,-70)->(69,69)
                (68,-68)->(67,67),(66,-66)
                        (66,-66)->(65,65)
Tree 4: (64,-64)->(63,63),(62,-62),(60,-60),(56,-56),(48,-48),(32,-32)
        (62,-62)->(61,61)
        (60,-60)->(59,59),(58,-58)
                (58,-58)->(57,57)
        (56,-56)->(55,55),(54,-54),(52,-52)
                (54,-54)->(53,53)
                (52,-52)->(51,51),(50,-50)
                        (50,-50)->(49,49)
        (48,-48)->(47,47),(46,-46),(44,-44),(40,-40)
                (46,-46)->(45,45)
                (44,-44)->(43,43),(42,-42)
                        (42,-42)->(41,41)
                (40,-40)->(39,39),(38,-38),(36,-36)
                        (38,-38)->(37,37)
                        (36,-36)->(35,35),(34,-34)
                                (34,-34)->(33,33)
        (32,-32)->(31,31),(30,-30),(28,-28),(24,-24),(16,-16)
                (30,-30)->(29,29)
                (28,-28)->(27,27),(26,-26)
                        (26,-26)->(25,25)
                (24,-24)->(23,23),(22,-22),(20,-20)
                        (22,-22)->(21,21)
                        (20,-20)->(19,19),(18,-18)
                                (18,-18)->(17,17)
                (16,-16)->(15,15),(14,-14),(12,-12),(8,-8)
                        (14,-14)->(13,13)
                        (12,-12)->(10,-10)
                        (8,-8)->(6,-6),(4,-4)
                                (4,-4)->(3,3),(2,-2)
                                        (2,-2)->(1,1)
Deleting Node Containing value 12--->
Error: delete is not possible
Tree 1: (90,-90)->(89,89)
Tree 2: (88,-88)->(87,87),(86,-86),(84,-84)
        (86,-86)->(85,85)
        (84,-84)->(83,83),(82,-82)
                (82,-82)->(81,81)
Tree 3: (80,-80)->(79,79),(78,-78),(76,-76),(72,-72)
        (78,-78)->(77,77)
        (76,-76)->(75,75),(74,-74)
                (74,-74)->(73,73)
        (72,-72)->(71,71),(70,-70),(68,-68)
                (70,-70)->(69,69)
                (68,-68)->(67,67),(66,-66)
                        (66,-66)->(65,65)
Tree 4: (64,-64)->(63,63),(62,-62),(60,-60),(56,-56),(48,-48),(32,-32)
        (62,-62)->(61,61)
        (60,-60)->(59,59),(58,-58)
                (58,-58)->(57,57)
        (56,-56)->(55,55),(54,-54),(52,-52)
                (54,-54)->(53,53)
                (52,-52)->(51,51),(50,-50)
                        (50,-50)->(49,49)
        (48,-48)->(47,47),(46,-46),(44,-44),(40,-40)
                (46,-46)->(45,45)
                (44,-44)->(43,43),(42,-42)
                        (42,-42)->(41,41)
                (40,-40)->(39,39),(38,-38),(36,-36)
                        (38,-38)->(37,37)
                        (36,-36)->(35,35),(34,-34)
                                (34,-34)->(33,33)
        (32,-32)->(31,31),(30,-30),(28,-28),(24,-24),(16,-16)
                (30,-30)->(29,29)
                (28,-28)->(27,27),(26,-26)
                        (26,-26)->(25,25)
                (24,-24)->(23,23),(22,-22),(20,-20)
                        (22,-22)->(21,21)
                        (20,-20)->(19,19),(18,-18)
                                (18,-18)->(17,17)
                (16,-16)->(15,15),(14,-14),(12,-12),(8,-8)
                        (14,-14)->(13,13)
                        (12,-12)->(10,-10)
                        (8,-8)->(6,-6),(4,-4)
                                (4,-4)->(3,3),(2,-2)
                                        (2,-2)->(1,1)
Deleting Node Containing value 13--->
Tree 1: (90,-90)->(89,89)
Tree 2: (88,-88)->(87,87),(86,-86),(84,-84)
        (86,-86)->(85,85)
        (84,-84)->(83,83),(82,-82)
                (82,-82)->(81,81)
Tree 3: (80,-80)->(79,79),(78,-78),(76,-76),(72,-72)
        (78,-78)->(77,77)
        (76,-76)->(75,75),(74,-74)
                (74,-74)->(73,73)
        (72,-72)->(71,71),(70,-70),(68,-68)
                (70,-70)->(69,69)
                (68,-68)->(67,67),(66,-66)
                        (66,-66)->(65,65)
Tree 4: (64,-64)->(63,63),(62,-62),(60,-60),(56,-56),(48,-48),(32,-32)
        (62,-62)->(61,61)
        (60,-60)->(59,59),(58,-58)
                (58,-58)->(57,57)
        (56,-56)->(55,55),(54,-54),(52,-52)
                (54,-54)->(53,53)
                (52,-52)->(51,51),(50,-50)
                        (50,-50)->(49,49)
        (48,-48)->(47,47),(46,-46),(44,-44),(40,-40)
                (46,-46)->(45,45)
                (44,-44)->(43,43),(42,-42)
                        (42,-42)->(41,41)
                (40,-40)->(39,39),(38,-38),(36,-36)
                        (38,-38)->(37,37)
                        (36,-36)->(35,35),(34,-34)
                                (34,-34)->(33,33)
        (32,-32)->(31,31),(30,-30),(28,-28),(24,-24),(16,-16)
                (30,-30)->(29,29)
                (28,-28)->(27,27),(26,-26)
                        (26,-26)->(25,25)
                (24,-24)->(23,23),(22,-22),(20,-20)
                        (22,-22)->(21,21)
                        (20,-20)->(19,19),(18,-18)
                                (18,-18)->(17,17)
                (16,-16)->(15,15),(14,-14),(12,-12),(8,-8)
                        (12,-12)->(10,-10)
                        (8,-8)->(6,-6),(4,-4)
                                (4,-4)->(3,3),(2,-2)
                                        (2,-2)->(1,1)
Deleting Node Containing value 14--->
Error: delete is not possible
Tree 1: (90,-90)->(89,89)
Tree 2: (88,-88)->(87,87),(86,-86),(84,-84)
        (86,-86)->(85,85)
        (84,-84)->(83,83),(82,-82)
                (82,-82)->(81,81)
Tree 3: (80,-80)->(79,79),(78,-78),(76,-76),(72,-72)
        (78,-78)->(77,77)
        (76,-76)->(75,75),(74,-74)
                (74,-74)->(73,73)
        (72,-72)->(71,71),(70,-70),(68,-68)
                (70,-70)->(69,69)
                (68,-68)->(67,67),(66,-66)
                        (66,-66)->(65,65)
Tree 4: (64,-64)->(63,63),(62,-62),(60,-60),(56,-56),(48,-48),(32,-32)
        (62,-62)->(61,61)
        (60,-60)->(59,59),(58,-58)
                (58,-58)->(57,57)
        (56,-56)->(55,55),(54,-54),(52,-52)
                (54,-54)->(53,53)
                (52,-52)->(51,51),(50,-50)
                        (50,-50)->(49,49)
        (48,-48)->(47,47),(46,-46),(44,-44),(40,-40)
                (46,-46)->(45,45)
                (44,-44)->(43,43),(42,-42)
                        (42,-42)->(41,41)
                (40,-40)->(39,39),(38,-38),(36,-36)
                        (38,-38)->(37,37)
                        (36,-36)->(35,35),(34,-34)
                                (34,-34)->(33,33)
        (32,-32)->(31,31),(30,-30),(28,-28),(24,-24),(16,-16)
                (30,-30)->(29,29)
                (28,-28)->(27,27),(26,-26)
                        (26,-26)->(25,25)
                (24,-24)->(23,23),(22,-22),(20,-20)
                        (22,-22)->(21,21)
                        (20,-20)->(19,19),(18,-18)
                                (18,-18)->(17,17)
                (16,-16)->(15,15),(14,-14),(12,-12),(8,-8)
                        (12,-12)->(10,-10)
                        (8,-8)->(6,-6),(4,-4)
                                (4,-4)->(3,3),(2,-2)
                                        (2,-2)->(1,1)
Deleting Node Containing value 15--->
Tree 1: (90,-90)->(89,89)
Tree 2: (88,-88)->(87,87),(86,-86),(84,-84)
        (86,-86)->(85,85)
        (84,-84)->(83,83),(82,-82)
                (82,-82)->(81,81)
Tree 3: (80,-80)->(79,79),(78,-78),(76,-76),(72,-72)
        (78,-78)->(77,77)
        (76,-76)->(75,75),(74,-74)
                (74,-74)->(73,73)
        (72,-72)->(71,71),(70,-70),(68,-68)
                (70,-70)->(69,69)
                (68,-68)->(67,67),(66,-66)
                        (66,-66)->(65,65)
Tree 4: (64,-64)->(63,63),(62,-62),(60,-60),(56,-56),(48,-48),(32,-32)
        (62,-62)->(61,61)
        (60,-60)->(59,59),(58,-58)
                (58,-58)->(57,57)
        (56,-56)->(55,55),(54,-54),(52,-52)
                (54,-54)->(53,53)
                (52,-52)->(51,51),(50,-50)
                        (50,-50)->(49,49)
        (48,-48)->(47,47),(46,-46),(44,-44),(40,-40)
                (46,-46)->(45,45)
                (44,-44)->(43,43),(42,-42)
                        (42,-42)->(41,41)
                (40,-40)->(39,39),(38,-38),(36,-36)
                        (38,-38)->(37,37)
                        (36,-36)->(35,35),(34,-34)
                                (34,-34)->(33,33)
        (32,-32)->(31,31),(30,-30),(28,-28),(24,-24),(16,-16)
                (30,-30)->(29,29)
                (28,-28)->(27,27),(26,-26)
                        (26,-26)->(25,25)
                (24,-24)->(23,23),(22,-22),(20,-20)
                        (22,-22)->(21,21)
                        (20,-20)->(19,19),(18,-18)
                                (18,-18)->(17,17)
                (16,-16)->(14,-14),(12,-12),(8,-8)
                        (12,-12)->(10,-10)
                        (8,-8)->(6,-6),(4,-4)
                                (4,-4)->(3,3),(2,-2)
                                        (2,-2)->(1,1)
Heap 1 before melding....
Tree 1: (90,-90)->(89,89)
Tree 2: (88,-88)->(87,87),(86,-86),(84,-84)
        (86,-86)->(85,85)
        (84,-84)->(83,83),(82,-82)
                (82,-82)->(81,81)
Tree 3: (80,-80)->(79,79),(78,-78),(76,-76),(72,-72)
        (78,-78)->(77,77)
        (76,-76)->(75,75),(74,-74)
                (74,-74)->(73,73)
        (72,-72)->(71,71),(70,-70),(68,-68)
                (70,-70)->(69,69)
                (68,-68)->(67,67),(66,-66)
                        (66,-66)->(65,65)
Tree 4: (64,-64)->(63,63),(62,-62),(60,-60),(56,-56),(48,-48),(32,-32)
        (62,-62)->(61,61)
        (60,-60)->(59,59),(58,-58)
                (58,-58)->(57,57)
        (56,-56)->(55,55),(54,-54),(52,-52)
                (54,-54)->(53,53)
                (52,-52)->(51,51),(50,-50)
                        (50,-50)->(49,49)
        (48,-48)->(47,47),(46,-46),(44,-44),(40,-40)
                (46,-46)->(45,45)
                (44,-44)->(43,43),(42,-42)
                        (42,-42)->(41,41)
                (40,-40)->(39,39),(38,-38),(36,-36)
                        (38,-38)->(37,37)
                        (36,-36)->(35,35),(34,-34)
                                (34,-34)->(33,33)
        (32,-32)->(31,31),(30,-30),(28,-28),(24,-24),(16,-16)
                (30,-30)->(29,29)
                (28,-28)->(27,27),(26,-26)
                        (26,-26)->(25,25)
                (24,-24)->(23,23),(22,-22),(20,-20)
                        (22,-22)->(21,21)
                        (20,-20)->(19,19),(18,-18)
                                (18,-18)->(17,17)
                (16,-16)->(14,-14),(12,-12),(8,-8)
                        (12,-12)->(10,-10)
                        (8,-8)->(6,-6),(4,-4)
                                (4,-4)->(3,3),(2,-2)
                                        (2,-2)->(1,1)
Heap 2 before melding....
Tree 1: (-11,11)->(-12,-12)
Tree 2: (-13,13)->(-14,-14),(-15,15),(-17,17)
        (-15,15)->(-16,-16)
        (-17,17)->(-18,-18),(-19,19)
                (-19,19)->(-20,-20)
Tree 3: (-21,21)->(-22,-22),(-23,23),(-25,25),(-29,29)
        (-23,23)->(-24,-24)
        (-25,25)->(-26,-26),(-27,27)
                (-27,27)->(-28,-28)
        (-29,29)->(-30,-30),(-31,31),(-33,33)
                (-31,31)->(-32,-32)
                (-33,33)->(-34,-34),(-35,35)
                        (-35,35)->(-36,-36)
Tree 4: (-37,37)->(-38,-38),(-39,39),(-41,41),(-45,45),(-53,53),(-69,69)
        (-39,39)->(-40,-40)
        (-41,41)->(-42,-42),(-43,43)
                (-43,43)->(-44,-44)
        (-45,45)->(-46,-46),(-47,47),(-49,49)
                (-47,47)->(-48,-48)
                (-49,49)->(-50,-50),(-51,51)
                        (-51,51)->(-52,-52)
        (-53,53)->(-54,-54),(-55,55),(-57,57),(-61,61)
                (-55,55)->(-56,-56)
                (-57,57)->(-58,-58),(-59,59)
                        (-59,59)->(-60,-60)
                (-61,61)->(-62,-62),(-63,63),(-65,65)
                        (-63,63)->(-64,-64)
                        (-65,65)->(-66,-66),(-67,67)
                                (-67,67)->(-68,-68)
        (-69,69)->(-70,-70),(-71,71),(-73,73),(-77,77),(-85,85)
                (-71,71)->(-72,-72)
                (-73,73)->(-74,-74),(-75,75)
                        (-75,75)->(-76,-76)
                (-77,77)->(-78,-78),(-79,79),(-81,81)
                        (-79,79)->(-80,-80)
                        (-81,81)->(-82,-82),(-83,83)
                                (-83,83)->(-84,-84)
                (-85,85)->(-86,-86),(-87,87),(-89,89),(-93,93)
                        (-87,87)->(-88,-88)
                        (-89,89)->(-90,-90),(-91,91)
                                (-91,91)->(-92,-92)
                        (-93,93)->(-94,-94),(-95,95),(-97,97)
                                (-95,95)->(-96,-96)
                                (-97,97)->(-98,-98),(-99,99)
                                        (-99,99)->(-100,-100)
Melding both heaps
Melded Successful...displaying----->
Tree 1: (90,-90)->(89,89)
Tree 2: (88,-88)->(87,87),(86,-86),(84,-84)
        (86,-86)->(85,85)
        (84,-84)->(83,83),(82,-82)
                (82,-82)->(81,81)
Tree 3: (80,-80)->(79,79),(78,-78),(76,-76),(72,-72)
        (78,-78)->(77,77)
        (76,-76)->(75,75),(74,-74)
                (74,-74)->(73,73)
        (72,-72)->(71,71),(70,-70),(68,-68)
                (70,-70)->(69,69)
                (68,-68)->(67,67),(66,-66)
                        (66,-66)->(65,65)
Tree 4: (64,-64)->(63,63),(62,-62),(60,-60),(56,-56),(48,-48),(32,-32)
        (62,-62)->(61,61)
        (60,-60)->(59,59),(58,-58)
                (58,-58)->(57,57)
        (56,-56)->(55,55),(54,-54),(52,-52)
                (54,-54)->(53,53)
                (52,-52)->(51,51),(50,-50)
                        (50,-50)->(49,49)
        (48,-48)->(47,47),(46,-46),(44,-44),(40,-40)
                (46,-46)->(45,45)
                (44,-44)->(43,43),(42,-42)
                        (42,-42)->(41,41)
                (40,-40)->(39,39),(38,-38),(36,-36)
                        (38,-38)->(37,37)
                        (36,-36)->(35,35),(34,-34)
                                (34,-34)->(33,33)
        (32,-32)->(31,31),(30,-30),(28,-28),(24,-24),(16,-16)
                (30,-30)->(29,29)
                (28,-28)->(27,27),(26,-26)
                        (26,-26)->(25,25)
                (24,-24)->(23,23),(22,-22),(20,-20)
                        (22,-22)->(21,21)
                        (20,-20)->(19,19),(18,-18)
                                (18,-18)->(17,17)
                (16,-16)->(14,-14),(12,-12),(8,-8)
                        (12,-12)->(10,-10)
                        (8,-8)->(6,-6),(4,-4)
                                (4,-4)->(3,3),(2,-2)
                                        (2,-2)->(1,1)
Tree 5: (-11,11)->(-12,-12)
Tree 6: (-13,13)->(-14,-14),(-15,15),(-17,17)
        (-15,15)->(-16,-16)
        (-17,17)->(-18,-18),(-19,19)
                (-19,19)->(-20,-20)
Tree 7: (-21,21)->(-22,-22),(-23,23),(-25,25),(-29,29)
        (-23,23)->(-24,-24)
        (-25,25)->(-26,-26),(-27,27)
                (-27,27)->(-28,-28)
        (-29,29)->(-30,-30),(-31,31),(-33,33)
                (-31,31)->(-32,-32)
                (-33,33)->(-34,-34),(-35,35)
                        (-35,35)->(-36,-36)
Tree 8: (-37,37)->(-38,-38),(-39,39),(-41,41),(-45,45),(-53,53),(-69,69)
        (-39,39)->(-40,-40)
        (-41,41)->(-42,-42),(-43,43)
                (-43,43)->(-44,-44)
        (-45,45)->(-46,-46),(-47,47),(-49,49)
                (-47,47)->(-48,-48)
                (-49,49)->(-50,-50),(-51,51)
                        (-51,51)->(-52,-52)
        (-53,53)->(-54,-54),(-55,55),(-57,57),(-61,61)
                (-55,55)->(-56,-56)
                (-57,57)->(-58,-58),(-59,59)
                        (-59,59)->(-60,-60)
                (-61,61)->(-62,-62),(-63,63),(-65,65)
                        (-63,63)->(-64,-64)
                        (-65,65)->(-66,-66),(-67,67)
                                (-67,67)->(-68,-68)
        (-69,69)->(-70,-70),(-71,71),(-73,73),(-77,77),(-85,85)
                (-71,71)->(-72,-72)
                (-73,73)->(-74,-74),(-75,75)
                        (-75,75)->(-76,-76)
                (-77,77)->(-78,-78),(-79,79),(-81,81)
                        (-79,79)->(-80,-80)
                        (-81,81)->(-82,-82),(-83,83)
                                (-83,83)->(-84,-84)
                (-85,85)->(-86,-86),(-87,87),(-89,89),(-93,93)
                        (-87,87)->(-88,-88)
                        (-89,89)->(-90,-90),(-91,91)
                                (-91,91)->(-92,-92)
                        (-93,93)->(-94,-94),(-95,95),(-97,97)
                                (-95,95)->(-96,-96)
                                (-97,97)->(-98,-98),(-99,99)
                                        (-99,99)->(-100,-100)
FindMax from melded heap: 
		{ key: 90, value: -90 }
Extracting max from melded heap and finding max for 15 times...
Extracting max...#1--->
		{ key: 89, value: 89 }
Extracting max...#2--->
		{ key: 88, value: -88 }
Extracting max...#3--->
		{ key: 87, value: 87 }
Extracting max...#4--->
		{ key: 86, value: -86 }
Extracting max...#5--->
		{ key: 85, value: 85 }
Extracting max...#6--->
		{ key: 84, value: -84 }
Extracting max...#7--->
		{ key: 83, value: 83 }
Extracting max...#8--->
		{ key: 82, value: -82 }
Extracting max...#9--->
		{ key: 81, value: 81 }
Extracting max...#10--->
		{ key: 80, value: -80 }
Extracting max...#11--->
		{ key: 79, value: 79 }
Extracting max...#12--->
		{ key: 78, value: -78 }
Extracting max...#13--->
		{ key: 77, value: 77 }
Extracting max...#14--->
		{ key: 76, value: -76 }
Extracting max...#15--->
		{ key: 75, value: 75 }
Checking if melded heap is empty or not...
Not Empty
